,index_content,amend_weight
0,1,4.0
1,2,1.0
2,3,1.0
3,4,4.0
4,5,1.0
5,6,1.0
6,7,0.0
7,8,0.0
8,9,0.0
9,10,1.0
10,11,-1.0
11,12,0.0
12,13,2.0
13,14,0.0
14,15,1.0
15,16,1.0
16,17,1.0
17,18,0.0
18,19,2.0
19,20,0.0
20,21,0.0
21,22,1.0
22,23,2.0
23,24,0.0
24,25,1.0
25,26,0.0
26,27,2.0
27,28,0.0
28,29,1.0
29,30,1.0
30,31,1.0
31,32,1.0
32,33,4.0
33,34,0.0
34,35,2.0
35,36,1.0
36,37,0.0
37,38,0.0
38,39,2.0
39,40,3.0
40,41,1.0
41,42,1.0
42,43,0.0
43,44,1.0
44,45,0.0
45,46,0.0
46,47,0.0
47,48,2.0
48,49,2.0
49,50,0.0
50,51,1.0
51,52,3.0
52,53,1.0
53,54,0.0
54,55,1.0
55,56,0.0
56,57,1.0
57,58,3.0
58,59,0.0
59,60,0.0
60,61,1.0
61,62,3.0
62,63,2.0
63,64,1.0
64,65,1.0
65,66,0.0
66,67,0.0
67,70,2.0
68,71,-1.0
69,72,0.0
70,73,2.0
71,74,3.0
72,75,0.0
73,76,1.0
74,77,-1.0
75,78,-1.0
76,79,1.0
77,80,1.0
78,81,2.0
79,82,1.0
80,83,0.0
81,84,-2.0
82,85,1.0
83,86,1.0
84,87,2.0
85,88,1.0
86,89,6.0
87,90,2.0
88,91,0.0
89,92,1.0
90,93,2.0
91,94,0.0
92,95,0.0
93,96,0.0
94,97,1.0
95,98,2.0
96,99,0.0
97,100,0.0
98,101,1.0
99,102,1.0
100,103,1.0
101,104,0.0
102,105,1.0
103,106,2.0
104,107,0.0
105,108,2.0
106,109,0.0
107,110,0.0
108,111,2.0
109,112,4.0
110,113,3.0
111,114,1.0
112,115,0.0
113,116,0.0
114,117,0.0
115,118,0.0
116,119,0.0
117,120,1.0
118,121,6.0
119,123,1.0
120,124,0.0
121,125,0.0
122,126,4.0
123,127,0.0
124,128,1.0
125,129,0.0
126,130,1.0
127,131,0.0
128,132,0.0
129,133,1.0
130,134,2.0
131,135,1.0
132,136,1.0
133,137,0.0
134,138,3.0
135,139,0.0
136,140,0.0
137,141,-1.0
138,142,0.0
139,143,-1.0
140,144,2.0
141,145,0.0
142,146,1.0
143,147,0.0
144,148,3.0
145,149,1.0
146,150,0.0
147,151,0.0
148,152,2.0
149,154,1.0
150,155,0.0
151,156,0.0
152,157,0.0
153,158,1.0
154,159,0.0
155,160,0.0
156,161,2.0
157,162,2.0
158,163,1.0
159,164,0.0
160,165,6.0
161,166,2.0
162,167,2.0
163,168,1.0
164,169,1.0
165,170,0.0
166,171,1.0
167,172,0.0
168,173,2.0
169,174,1.0
170,175,2.0
171,176,1.0
172,177,0.0
173,178,1.0
174,179,0.0
175,180,0.0
176,181,1.0
177,182,0.0
178,183,1.0
179,184,1.0
180,185,0.0
181,186,1.0
182,187,-1.0
183,188,3.0
184,189,2.0
185,190,2.0
186,191,2.0
187,192,1.0
188,193,1.0
189,194,1.0
190,195,2.0
191,196,1.0
192,197,1.0
193,198,0.0
194,199,3.0
195,200,1.0
196,201,0.0
197,202,0.0
198,203,0.0
199,204,0.0
200,205,1.0
201,206,1.0
202,207,0.0
203,208,4.0
204,209,2.0
205,210,0.0
206,211,0.0
207,212,2.0
208,213,0.0
209,214,-1.0
210,215,0.0
211,216,0.0
212,217,1.0
213,218,2.0
214,219,1.0
215,220,2.0
216,221,1.0
217,222,3.0
218,223,1.0
219,224,2.0
220,225,2.0
221,226,2.0
222,227,1.0
223,228,0.0
224,229,1.0
225,230,0.0
226,231,0.0
227,232,2.0
228,233,1.0
229,234,2.0
230,235,0.0
231,236,0.0
232,237,1.0
233,238,1.0
234,239,1.0
235,240,4.0
236,241,2.0
237,242,0.0
238,243,0.0
239,244,0.0
240,245,1.0
241,246,3.0
242,247,1.0
243,248,1.0
244,249,3.0
245,250,0.0
246,251,0.0
247,252,2.0
248,253,0.0
249,254,1.0
250,255,4.0
251,256,0.0
252,257,1.0
253,258,0.0
254,259,0.0
255,260,0.0
256,261,0.0
257,262,0.0
258,263,0.0
259,264,0.0
260,265,0.0
261,266,2.0
262,267,1.0
263,268,1.0
264,269,0.0
265,270,0.0
266,271,0.0
267,272,0.0
268,273,2.0
269,274,0.0
270,275,0.0
271,276,-1.0
272,277,1.0
273,278,0.0
274,279,0.0
275,280,0.0
276,281,0.0
277,282,0.0
278,283,1.0
279,284,0.0
280,285,0.0
281,286,0.0
282,287,0.0
283,288,0.0
284,289,1.0
285,290,0.0
286,291,0.0
287,292,0.0
288,293,1.0
289,294,0.0
290,295,0.0
291,296,1.0
292,297,1.0
293,298,0.0
294,299,0.0
295,300,1.0
296,301,0.0
297,303,0.0
298,304,0.0
299,305,0.0
300,306,0.0
301,307,2.0
302,308,0.0
303,309,0.0
304,310,0.0
305,311,0.0
306,312,0.0
307,313,3.0
308,314,0.0
309,315,1.0
310,316,1.0
311,317,3.0
312,318,1.0
313,319,-1.0
314,320,0.0
315,321,1.0
316,322,0.0
317,323,1.0
318,324,0.0
319,325,0.0
320,326,0.0
321,327,0.0
322,328,0.0
323,329,-1.0
324,330,1.0
325,331,0.0
326,332,0.0
327,333,1.0
328,334,4.0
329,335,0.0
330,336,0.0
331,337,-1.0
332,338,0.0
333,339,0.0
334,340,1.0
335,341,1.0
336,342,2.0
337,343,1.0
338,344,0.0
339,345,0.0
340,346,4.0
341,347,0.0
342,348,2.0
343,349,0.0
344,350,-1.0
345,351,2.0
346,352,0.0
347,353,0.0
348,354,0.0
349,355,1.0
350,356,0.0
351,357,2.0
352,358,0.0
353,359,1.0
354,360,1.0
355,361,1.0
356,362,2.0
357,363,2.0
358,365,1.0
359,366,0.0
360,367,0.0
361,368,0.0
362,369,1.0
363,370,0.0
364,371,2.0
365,372,0.0
366,373,-1.0
367,374,1.0
368,375,-2.0
369,376,1.0
370,377,0.0
371,378,1.0
372,379,1.0
373,380,2.0
374,381,0.0
375,382,0.0
376,383,0.0
377,384,1.0
378,385,0.0
379,386,1.0
380,387,2.0
381,388,3.0
382,389,0.0
383,390,0.0
384,391,-1.0
385,392,2.0
386,393,1.0
387,394,1.0
388,395,3.0
389,396,1.0
390,397,1.0
391,398,0.0
392,399,0.0
393,400,1.0
394,401,0.0
395,402,0.0
396,403,-1.0
397,404,1.0
398,405,0.0
399,406,0.0
400,407,0.0
401,408,0.0
402,409,2.0
403,410,0.0
404,411,3.0
405,412,0.0
406,413,1.0
407,414,0.0
408,415,1.0
409,416,0.0
410,417,2.0
411,418,1.0
412,419,-1.0
413,420,1.0
414,421,1.0
415,422,2.0
416,423,0.0
417,424,0.0
418,425,2.0
419,426,0.0
420,427,0.0
421,428,0.0
422,429,1.0
423,430,2.0
424,431,1.0
425,432,1.0
426,433,0.0
427,434,0.0
428,435,0.0
429,436,4.0
430,443,1.0
431,444,1.0
432,445,-1.0
433,446,1.0
434,448,2.0
435,449,1.0
436,450,2.0
437,451,1.0
438,452,1.0
439,453,2.0
440,454,2.0
441,455,0.0
442,456,0.0
443,457,2.0
444,458,0.0
445,459,1.0
446,460,0.0
447,461,1.0
448,462,2.0
449,463,1.0
450,464,1.0
451,465,0.0
452,466,2.0
453,467,0.0
454,468,1.0
455,469,1.0
456,470,0.0
457,471,0.0
458,472,-2.0
459,473,2.0
460,474,1.0
461,475,1.0
462,476,0.0
463,477,0.0
464,478,0.0
465,479,2.0
466,480,1.0
467,481,0.0
468,482,0.0
469,483,2.0
470,484,4.0
471,485,2.0
472,486,0.0
473,487,1.0
474,488,2.0
475,489,2.0
476,490,0.0
477,491,1.0
478,492,2.0
479,493,0.0
480,494,2.0
481,495,0.0
482,496,0.0
483,497,0.0
484,498,0.0
485,499,1.0
486,500,0.0
487,501,0.0
488,502,0.0
489,503,3.0
490,504,1.0
491,505,1.0
492,506,0.0
493,507,3.0
494,508,3.0
495,509,0.0
496,510,2.0
497,511,0.0
498,512,0.0
499,513,-1.0
500,514,1.0
501,515,-1.0
502,516,0.0
503,517,0.0
504,518,0.0
505,519,1.0
506,520,0.0
507,521,0.0
508,522,1.0
509,523,0.0
510,524,1.0
511,525,1.0
512,526,0.0
513,527,1.0
514,528,0.0
515,529,0.0
516,530,1.0
517,531,1.0
518,532,0.0
519,533,1.0
520,534,0.0
521,535,0.0
522,536,0.0
523,537,0.0
524,538,2.0
525,539,0.0
526,540,4.0
527,541,0.0
528,542,1.0
529,543,0.0
530,544,-1.0
531,545,0.0
532,546,0.0
533,547,0.0
534,548,1.0
535,549,1.0
536,550,1.0
537,551,0.0
538,552,0.0
539,553,1.0
540,554,0.0
541,555,0.0
542,556,4.0
543,557,0.0
544,558,0.0
545,559,1.0
546,560,0.0
547,561,0.0
548,562,1.0
549,563,0.0
550,564,0.0
551,565,0.0
552,566,1.0
553,567,0.0
554,568,0.0
555,569,0.0
556,570,1.0
557,571,2.0
558,572,-1.0
559,573,0.0
560,574,0.0
561,575,0.0
562,576,0.0
563,577,0.0
564,578,0.0
565,579,1.0
566,580,1.0
567,581,0.0
568,582,0.0
569,583,-1.0
570,584,0.0
571,585,1.0
572,586,0.0
573,587,0.0
574,588,0.0
575,589,0.0
576,590,-1.0
577,591,0.0
578,592,2.0
579,593,0.0
580,594,0.0
581,595,1.0
582,596,1.0
583,597,0.0
584,598,1.0
585,599,0.0
586,600,0.0
587,601,-1.0
588,602,0.0
589,603,0.0
590,604,0.0
591,605,0.0
592,606,1.0
593,607,0.0
594,608,0.0
595,609,1.0
596,610,1.0
597,611,0.0
598,612,0.0
599,613,0.0
600,614,1.0
601,615,1.0
602,616,0.0
603,617,0.0
604,618,0.0
605,620,0.0
606,621,0.0
607,622,1.0
608,623,0.0
609,624,1.0
610,625,0.0
611,626,1.0
612,627,0.0
613,628,0.0
614,629,0.0
615,630,0.0
616,631,0.0
617,632,1.0
618,633,0.0
619,634,0.0
620,635,0.0
621,636,2.0
622,637,0.0
623,638,0.0
624,639,0.0
625,640,0.0
626,641,0.0
627,642,0.0
628,643,0.0
629,644,0.0
630,645,0.0
631,646,0.0
632,647,0.0
633,648,2.0
634,649,0.0
635,650,0.0
636,651,0.0
637,652,0.0
638,653,0.0
639,654,2.0
640,655,0.0
641,656,1.0
642,657,0.0
643,658,0.0
644,659,0.0
645,660,0.0
646,661,0.0
647,662,0.0
648,663,1.0
649,664,0.0
650,665,2.0
651,666,0.0
652,667,1.0
653,668,1.0
654,669,2.0
655,670,0.0
656,671,0.0
657,672,0.0
658,673,1.0
659,674,0.0
660,675,1.0
661,676,0.0
662,677,1.0
663,678,0.0
664,679,1.0
665,680,0.0
666,681,-1.0
667,682,1.0
668,683,0.0
669,684,4.0
670,685,1.0
671,686,1.0
672,687,0.0
673,688,1.0
674,689,1.0
675,690,0.0
676,691,0.0
677,692,0.0
678,693,1.0
679,694,0.0
680,695,0.0
681,696,0.0
682,697,0.0
683,698,0.0
684,699,1.0
685,700,0.0
686,701,-1.0
687,702,0.0
688,703,0.0
689,704,0.0
690,705,0.0
691,706,1.0
692,707,1.0
693,708,1.0
694,709,1.0
695,710,1.0
696,711,1.0
697,712,1.0
698,713,2.0
699,714,1.0
700,715,1.0
701,716,2.0
702,717,3.0
703,718,1.0
704,719,0.0
705,720,0.0
706,721,1.0
707,722,2.0
708,723,0.0
709,724,0.0
710,725,0.0
711,726,1.0
712,728,1.0
713,729,-1.0
714,730,0.0
715,731,0.0
716,732,0.0
717,733,1.0
718,734,1.0
719,735,0.0
720,736,1.0
721,737,0.0
722,738,0.0
723,739,1.0
724,740,0.0
725,741,0.0
726,743,2.0
727,744,0.0
728,745,3.0
729,746,-1.0
730,747,1.0
731,749,0.0
732,750,0.0
733,751,2.0
734,752,2.0
735,753,0.0
736,754,0.0
737,755,0.0
738,756,1.0
739,757,2.0
740,758,0.0
741,759,0.0
742,760,3.0
743,761,1.0
744,762,1.0
745,763,0.0
746,764,0.0
747,765,0.0
748,766,0.0
749,767,0.0
750,768,3.0
751,769,2.0
752,770,1.0
753,771,0.0
754,772,-1.0
755,773,3.0
756,774,1.0
757,775,0.0
758,776,1.0
759,777,1.0
760,778,0.0
761,779,3.0
762,780,1.0
763,781,2.0
764,782,0.0
765,783,0.0
766,784,1.0
767,785,0.0
768,786,2.0
769,787,0.0
770,788,1.0
771,789,3.0
772,790,0.0
773,791,1.0
774,792,1.0
775,793,0.0
776,794,2.0
777,795,1.0
778,796,-1.0
779,797,0.0
780,798,0.0
781,799,3.0
782,800,2.0
783,801,-1.0
784,802,0.0
785,803,0.0
786,804,-1.0
787,805,1.0
788,806,1.0
789,807,0.0
790,808,0.0
791,809,1.0
792,810,0.0
793,811,0.0
794,812,0.0
795,813,1.0
796,814,1.0
797,815,1.0
798,816,0.0
799,817,0.0
800,818,2.0
801,819,0.0
802,820,0.0
803,821,3.0
804,822,0.0
805,823,1.0
806,824,1.0
807,825,-2.0
808,826,0.0
809,827,0.0
810,828,1.0
811,829,0.0
812,830,1.0
813,831,2.0
814,832,0.0
815,833,0.0
816,834,0.0
817,835,1.0
818,836,1.0
819,837,0.0
820,838,1.0
821,839,1.0
822,840,4.0
823,841,1.0
824,842,1.0
825,843,1.0
826,844,3.0
827,845,0.0
828,846,0.0
829,847,0.0
830,848,0.0
831,849,0.0
832,850,0.0
833,851,0.0
834,852,0.0
835,853,0.0
836,854,0.0
837,855,0.0
838,856,1.0
839,857,-1.0
840,858,1.0
841,859,0.0
842,860,0.0
843,861,0.0
844,862,1.0
845,863,-1.0
846,864,1.0
847,865,0.0
848,866,0.0
849,867,1.0
850,868,1.0
851,869,1.0
852,870,0.0
853,871,2.0
854,872,0.0
855,874,0.0
856,875,0.0
857,876,0.0
858,878,0.0
859,879,2.0
860,880,1.0
861,881,1.0
862,882,0.0
863,883,2.0
864,885,1.0
865,886,0.0
866,887,2.0
867,888,1.0
868,889,0.0
869,890,0.0
870,891,0.0
871,892,1.0
872,893,2.0
873,894,0.0
874,895,0.0
875,896,1.0
876,898,0.0
877,899,0.0
878,900,0.0
879,901,2.0
880,902,1.0
881,903,1.0
882,904,0.0
883,905,2.0
884,906,2.0
885,907,1.0
886,908,2.0
887,909,0.0
888,910,2.0
889,911,0.0
890,912,1.0
891,913,1.0
892,914,0.0
893,915,3.0
894,916,0.0
895,917,0.0
896,918,0.0
897,919,1.0
898,920,1.0
899,921,1.0
900,922,0.0
901,923,2.0
902,924,1.0
903,925,0.0
904,926,-1.0
905,927,0.0
906,928,2.0
907,929,1.0
908,930,1.0
909,931,0.0
910,932,1.0
911,933,0.0
912,934,0.0
913,935,0.0
914,936,5.0
915,937,0.0
916,938,0.0
917,939,1.0
918,940,1.0
919,941,1.0
920,942,6.0
921,943,2.0
922,944,0.0
923,945,0.0
924,946,0.0
925,947,2.0
926,948,1.0
927,949,0.0
928,950,1.0
929,951,0.0
930,952,0.0
931,953,0.0
932,954,0.0
933,955,2.0
934,956,0.0
935,957,0.0
936,958,2.0
937,959,2.0
938,960,0.0
939,961,0.0
940,962,0.0
941,963,0.0
942,964,1.0
943,965,0.0
944,966,0.0
945,967,0.0
946,968,1.0
947,970,2.0
948,971,-1.0
949,972,0.0
950,973,1.0
951,974,0.0
952,975,2.0
953,976,0.0
954,977,0.0
955,978,0.0
956,979,0.0
957,980,1.0
958,981,0.0
959,982,0.0
960,983,0.0
961,984,1.0
962,985,1.0
963,986,1.0
964,987,0.0
965,989,0.0
966,990,2.0
967,991,1.0
968,992,1.0
969,993,3.0
970,994,1.0
971,995,0.0
972,996,1.0
973,997,0.0
974,998,0.0
975,999,0.0
976,1000,1.0
977,1001,0.0
978,1002,-1.0
979,1003,-1.0
980,1004,1.0
981,1005,0.0
982,1006,0.0
983,1007,0.0
984,1008,-3.0
985,1009,-1.0
986,1010,1.0
987,1011,0.0
988,1012,0.0
989,1013,-1.0
990,1014,1.0
991,1015,2.0
992,1016,0.0
993,1017,-1.0
994,1018,0.0
995,1019,0.0
996,1020,-1.0
997,1021,0.0
998,1022,0.0
999,1023,0.0
1000,1024,-2.0
1001,1025,0.0
1002,1026,0.0
1003,1027,0.0
1004,1028,4.0
1005,1029,1.0
1006,1030,-1.0
1007,1031,2.0
1008,1032,1.0
1009,1033,0.0
1010,1034,0.0
1011,1035,0.0
1012,1036,0.0
1013,1037,-1.0
1014,1038,1.0
1015,1039,0.0
1016,1040,1.0
1017,1041,-1.0
1018,1042,0.0
1019,1043,-1.0
1020,1044,-2.0
1021,1045,0.0
1022,1046,-4.0
1023,1047,0.0
1024,1048,0.0
1025,1049,0.0
1026,1050,0.0
1027,1051,-3.0
1028,1052,0.0
1029,1053,-1.0
1030,1054,0.0
1031,1055,-1.0
1032,1056,0.0
1033,1057,-1.0
1034,1058,0.0
1035,1059,0.0
1036,1060,-1.0
1037,1061,0.0
1038,1062,0.0
1039,1063,0.0
1040,1064,-2.0
1041,1065,-1.0
1042,1066,3.0
1043,1067,0.0
1044,1068,-1.0
1045,1069,0.0
1046,1070,0.0
1047,1071,0.0
1048,1072,-1.0
1049,1073,0.0
1050,1074,0.0
1051,1075,-1.0
1052,1076,0.0
1053,1077,0.0
1054,1078,-1.0
1055,1079,0.0
1056,1080,0.0
1057,1081,0.0
1058,1082,-1.0
1059,1083,0.0
1060,1084,0.0
1061,1085,1.0
1062,1086,-1.0
1063,1087,0.0
1064,1088,0.0
1065,1089,-1.0
1066,1090,-1.0
1067,1091,0.0
1068,1092,0.0
1069,1093,0.0
1070,1094,-1.0
1071,1095,-1.0
1072,1096,0.0
1073,1097,-1.0
1074,1098,-1.0
1075,1099,0.0
1076,1100,-1.0
1077,1101,-1.0
1078,1102,0.0
1079,1103,0.0
1080,1104,0.0
1081,1105,0.0
1082,1106,0.0
1083,1107,-1.0
1084,1108,1.0
1085,1109,0.0
1086,1110,-1.0
1087,1111,0.0
1088,1112,0.0
1089,1113,0.0
1090,1114,0.0
1091,1115,2.0
1092,1116,0.0
1093,1117,-1.0
1094,1118,0.0
1095,1119,0.0
1096,1120,0.0
1097,1121,-1.0
1098,1122,0.0
1099,1123,0.0
1100,1124,-1.0
1101,1125,0.0
1102,1126,-2.0
1103,1127,-1.0
1104,1128,0.0
1105,1129,0.0
1106,1130,0.0
1107,1131,-1.0
1108,1132,-1.0
1109,1133,0.0
1110,1134,0.0
1111,1135,0.0
1112,1136,0.0
1113,1137,0.0
1114,1138,0.0
1115,1139,0.0
1116,1140,0.0
1117,1141,-1.0
1118,1142,0.0
1119,1143,-2.0
1120,1144,-1.0
1121,1145,0.0
1122,1146,0.0
1123,1147,-1.0
1124,1148,0.0
1125,1149,-1.0
1126,1150,0.0
1127,1151,0.0
1128,1152,-1.0
1129,1153,0.0
1130,1154,-1.0
1131,1158,0.0
1132,1159,-1.0
1133,1160,-1.0
1134,1161,0.0
1135,1162,0.0
1136,1163,0.0
1137,1164,-2.0
1138,1165,-2.0
1139,1166,0.0
1140,1167,-1.0
1141,1168,-1.0
1142,1169,-1.0
1143,1170,0.0
1144,1171,0.0
1145,1172,0.0
1146,1173,-2.0
1147,1174,1.0
1148,1175,0.0
1149,1176,0.0
1150,1177,0.0
1151,1178,0.0
1152,1179,0.0
1153,1180,0.0
1154,1181,-1.0
1155,1182,-1.0
1156,1183,0.0
1157,1184,0.0
1158,1185,0.0
1159,1188,0.0
1160,1189,0.0
1161,1190,-1.0
1162,1191,0.0
1163,1192,0.0
1164,1193,-1.0
1165,1195,0.0
1166,1196,-1.0
1167,1197,-1.0
1168,1198,0.0
1169,1199,-1.0
1170,1200,0.0
1171,1201,-1.0
1172,1202,0.0
1173,1203,-2.0
1174,1204,0.0
1175,1205,0.0
1176,1206,0.0
1177,1207,-2.0
1178,1208,0.0
1179,1209,0.0
1180,1210,-1.0
1181,1211,0.0
1182,1212,0.0
1183,1213,0.0
1184,1214,0.0
1185,1215,0.0
1186,1216,0.0
1187,1217,0.0
1188,1218,1.0
1189,1220,1.0
1190,1221,0.0
1191,1222,0.0
1192,1223,0.0
1193,1224,0.0
1194,1225,0.0
1195,1226,-1.0
1196,1227,-1.0
1197,1228,0.0
1198,1229,0.0
1199,1230,-1.0
1200,1231,-2.0
1201,1232,0.0
1202,1233,0.0
1203,1234,0.0
1204,1235,0.0
1205,1236,-1.0
1206,1237,-1.0
1207,1238,0.0
1208,1239,-1.0
1209,1240,0.0
1210,1241,0.0
1211,1242,2.0
1212,1243,-1.0
1213,1244,0.0
1214,1245,0.0
1215,1246,-1.0
1216,1247,0.0
1217,1248,0.0
1218,1249,0.0
1219,1250,1.0
1220,1251,0.0
1221,1252,1.0
1222,1253,1.0
1223,1254,0.0
1224,1255,0.0
1225,1256,-3.0
1226,1257,0.0
1227,1258,0.0
1228,1259,0.0
1229,1260,-1.0
1230,1261,0.0
1231,1262,2.0
1232,1263,0.0
1233,1264,0.0
1234,1265,0.0
1235,1266,0.0
1236,1267,-1.0
1237,1268,0.0
1238,1269,0.0
1239,1270,-1.0
1240,1271,-2.0
1241,1272,0.0
1242,1273,-1.0
1243,1274,0.0
1244,1275,-1.0
1245,1276,0.0
1246,1277,-1.0
1247,1278,0.0
1248,1279,-1.0
1249,1280,-1.0
1250,1281,0.0
1251,1282,-2.0
1252,1283,0.0
1253,1284,0.0
1254,1285,0.0
1255,1286,-1.0
1256,1287,0.0
1257,1288,-2.0
1258,1289,0.0
1259,1290,0.0
1260,1291,0.0
1261,1292,0.0
1262,1293,-1.0
1263,1294,-1.0
1264,1295,-1.0
1265,1296,0.0
1266,1297,-1.0
1267,1298,0.0
1268,1299,-3.0
1269,1300,0.0
1270,1301,-1.0
1271,1302,0.0
1272,1303,0.0
1273,1304,0.0
1274,1305,0.0
1275,1306,0.0
1276,1307,1.0
1277,1308,-1.0
1278,1309,-1.0
1279,1310,2.0
1280,1311,-2.0
1281,1312,0.0
1282,1313,0.0
1283,1314,0.0
1284,1315,-2.0
1285,1316,1.0
1286,1317,0.0
1287,1318,0.0
1288,1319,0.0
1289,1320,-28.0
1290,1321,0.0
1291,1322,0.0
1292,1323,0.0
1293,1324,-1.0
1294,1325,0.0
1295,1326,-2.0
1296,1327,-1.0
1297,1328,2.0
1298,1329,-1.0
1299,1330,-1.0
1300,1331,0.0
1301,1332,0.0
1302,1333,0.0
1303,1334,0.0
1304,1335,1.0
1305,1336,0.0
1306,1337,0.0
1307,1338,0.0
1308,1339,-1.0
1309,1340,0.0
1310,1341,-1.0
1311,1342,-1.0
1312,1343,0.0
1313,1344,0.0
1314,1345,1.0
1315,1346,0.0
1316,1347,0.0
1317,1348,0.0
1318,1349,-1.0
1319,1350,-1.0
1320,1351,1.0
1321,1352,0.0
1322,1353,0.0
1323,1354,-1.0
1324,1355,0.0
1325,1356,-2.0
1326,1357,0.0
1327,1358,-1.0
1328,1359,-1.0
1329,1360,-1.0
1330,1361,0.0
1331,1362,0.0
1332,1363,0.0
1333,1364,-2.0
1334,1365,-1.0
1335,1366,0.0
1336,1367,-1.0
1337,1368,0.0
1338,1369,-1.0
1339,1370,0.0
1340,1371,0.0
1341,1372,0.0
1342,1373,0.0
1343,1374,0.0
1344,1375,0.0
1345,1376,0.0
1346,1377,1.0
1347,1378,-1.0
1348,1379,-1.0
1349,1380,0.0
1350,1381,0.0
1351,1382,-2.0
1352,1383,0.0
1353,1384,-2.0
1354,1385,1.0
1355,1386,-2.0
1356,1387,-1.0
1357,1388,0.0
1358,1389,1.0
1359,1390,-1.0
1360,1391,0.0
1361,1392,-1.0
1362,1393,1.0
1363,1394,1.0
1364,1395,0.0
1365,1396,-1.0
1366,1397,0.0
1367,1398,0.0
1368,1399,-1.0
1369,1400,0.0
1370,1401,0.0
1371,1402,0.0
1372,1403,-1.0
1373,1404,0.0
1374,1406,0.0
1375,1407,1.0
1376,1408,-3.0
1377,1409,-1.0
1378,1410,-1.0
1379,1411,0.0
1380,1412,-1.0
1381,1413,-1.0
1382,1414,2.0
1383,1415,-1.0
1384,1416,0.0
1385,1417,0.0
1386,1418,0.0
1387,1419,-1.0
1388,1420,-2.0
1389,1421,0.0
1390,1422,-1.0
1391,1423,-1.0
1392,1424,-1.0
1393,1425,0.0
1394,1426,0.0
1395,1427,0.0
1396,1428,-1.0
1397,1429,0.0
1398,1430,0.0
1399,1431,-2.0
1400,1432,0.0
1401,1433,-1.0
1402,1434,0.0
1403,1435,0.0
1404,1436,-1.0
1405,1437,-1.0
1406,1438,-1.0
1407,1439,0.0
1408,1440,0.0
1409,1441,0.0
1410,1442,0.0
1411,1443,0.0
1412,1444,0.0
1413,1445,0.0
1414,1446,0.0
1415,1447,0.0
1416,1448,0.0
1417,1449,0.0
1418,1450,0.0
1419,1451,-1.0
1420,1452,0.0
1421,1453,0.0
1422,1454,0.0
1423,1455,-1.0
1424,1456,0.0
1425,1457,0.0
1426,1458,0.0
1427,1459,0.0
1428,1460,0.0
1429,1461,-2.0
1430,1462,1.0
1431,1463,0.0
1432,1464,-1.0
1433,1465,0.0
1434,1466,-1.0
1435,1467,0.0
1436,1468,-1.0
1437,1469,0.0
1438,1470,0.0
1439,1471,0.0
1440,1472,-1.0
1441,1473,0.0
1442,1474,-2.0
1443,1475,-1.0
1444,1476,0.0
1445,1477,1.0
1446,1478,0.0
1447,1479,0.0
1448,1480,0.0
1449,1481,0.0
1450,1482,0.0
1451,1483,0.0
1452,1484,-1.0
1453,1485,2.0
1454,1486,0.0
1455,1487,0.0
1456,1488,-2.0
1457,1489,0.0
1458,1490,0.0
1459,1491,0.0
1460,1492,0.0
1461,1493,0.0
1462,1494,-2.0
1463,1495,0.0
1464,1496,-1.0
1465,1497,0.0
1466,1499,0.0
1467,1500,-3.0
1468,1501,0.0
1469,1502,-1.0
1470,1503,0.0
1471,1504,0.0
1472,1505,-1.0
1473,1506,-1.0
1474,1507,0.0
1475,1508,-3.0
1476,1509,-1.0
1477,1510,0.0
1478,1511,-1.0
1479,1512,1.0
1480,1513,-1.0
1481,1514,0.0
1482,1515,-1.0
1483,1516,1.0
1484,1517,0.0
1485,1518,-1.0
1486,1519,-1.0
1487,1520,0.0
1488,1521,0.0
1489,1522,-1.0
1490,1523,0.0
1491,1524,-2.0
1492,1525,0.0
1493,1526,-3.0
1494,1527,0.0
1495,1528,-1.0
1496,1529,-2.0
1497,1530,-1.0
1498,1531,-1.0
1499,1532,0.0
1500,1533,-1.0
1501,1534,0.0
1502,1535,0.0
1503,1536,0.0
1504,1537,-1.0
1505,1538,-1.0
1506,1539,0.0
1507,1540,0.0
1508,1541,-1.0
1509,1542,0.0
1510,1543,-2.0
1511,1544,-1.0
1512,1545,0.0
1513,1546,-1.0
1514,1547,0.0
1515,1548,0.0
1516,1549,-2.0
1517,1550,0.0
1518,1551,-1.0
1519,1552,-1.0
1520,1553,-4.0
1521,1554,1.0
1522,1555,-1.0
1523,1556,0.0
1524,1557,0.0
1525,1558,1.0
1526,1559,0.0
1527,1560,0.0
1528,1561,0.0
1529,1562,-2.0
1530,1563,0.0
1531,1564,0.0
1532,1565,-1.0
1533,1566,0.0
1534,1567,0.0
1535,1568,0.0
1536,1569,0.0
1537,1570,-4.0
1538,1571,0.0
1539,1572,-2.0
1540,1573,-2.0
1541,1574,0.0
1542,1575,0.0
1543,1576,0.0
1544,1577,-5.0
1545,1578,0.0
1546,1579,0.0
1547,1580,-1.0
1548,1581,0.0
1549,1582,0.0
1550,1583,0.0
1551,1584,0.0
1552,1585,0.0
1553,1586,0.0
1554,1587,-6.0
1555,1588,0.0
1556,1589,-5.0
1557,1590,-2.0
1558,1591,0.0
1559,1592,-3.0
1560,1593,-1.0
1561,1594,0.0
1562,1595,-3.0
1563,1596,0.0
1564,1597,-1.0
1565,1598,1.0
1566,1599,0.0
1567,1600,0.0
1568,1601,-1.0
1569,1602,-1.0
1570,1603,-1.0
1571,1604,-2.0
1572,1605,0.0
1573,1606,0.0
1574,1607,0.0
1575,1608,-1.0
1576,1609,0.0
1577,1610,0.0
1578,1611,-1.0
1579,1612,-1.0
1580,1613,0.0
1581,1614,0.0
1582,1615,0.0
1583,1616,0.0
1584,1617,0.0
1585,1618,-2.0
1586,1619,1.0
1587,1620,-1.0
1588,1621,0.0
1589,1622,-1.0
1590,1623,-1.0
1591,1624,0.0
1592,1625,0.0
1593,1626,0.0
1594,1627,0.0
1595,1628,-2.0
1596,1629,-1.0
1597,1631,-2.0
1598,1632,0.0
1599,1633,0.0
1600,1634,0.0
1601,1635,-2.0
1602,1636,0.0
1603,1637,0.0
1604,1638,0.0
1605,1639,0.0
1606,1640,0.0
1607,1641,0.0
1608,1642,0.0
1609,1643,-1.0
1610,1644,-2.0
1611,1645,0.0
1612,1646,-1.0
1613,1647,0.0
1614,1648,0.0
1615,1649,0.0
1616,1650,-1.0
1617,1651,-1.0
1618,1652,-1.0
1619,1653,-1.0
1620,1654,0.0
1621,1655,-2.0
1622,1656,-1.0
1623,1657,0.0
1624,1658,1.0
1625,1659,0.0
1626,1660,-7.0
1627,1661,0.0
1628,1662,0.0
1629,1663,0.0
1630,1664,0.0
1631,1665,0.0
1632,1666,-2.0
1633,1667,-1.0
1634,1668,0.0
1635,1669,1.0
1636,1670,-1.0
1637,1671,-1.0
1638,1672,-1.0
1639,1673,0.0
1640,1674,-3.0
1641,1675,-1.0
1642,1676,0.0
1643,1677,-1.0
1644,1678,0.0
1645,1679,1.0
1646,1680,-1.0
1647,1681,0.0
1648,1682,0.0
1649,1683,0.0
1650,1684,0.0
1651,1685,0.0
1652,1686,0.0
1653,1687,-1.0
1654,1688,-4.0
1655,1689,0.0
1656,1690,-1.0
1657,1691,-1.0
1658,1692,0.0
1659,1693,0.0
1660,1694,0.0
1661,1695,-1.0
1662,1696,-1.0
1663,1697,0.0
1664,1698,0.0
1665,1699,0.0
1666,1700,0.0
1667,1701,-1.0
1668,1702,-1.0
1669,1703,0.0
1670,1704,0.0
1671,1705,-1.0
1672,1706,-1.0
1673,1707,-1.0
1674,1708,-1.0
1675,1709,-1.0
1676,1710,-2.0
1677,1711,0.0
1678,1712,-2.0
1679,1713,0.0
1680,1714,-1.0
1681,1715,-1.0
1682,1716,2.0
1683,1717,0.0
1684,1718,-1.0
1685,1719,-1.0
1686,1720,0.0
1687,1721,-1.0
1688,1722,-1.0
1689,1723,-1.0
1690,1724,-1.0
1691,1725,0.0
1692,1726,0.0
1693,1727,-1.0
1694,1728,0.0
1695,1729,0.0
1696,1730,0.0
1697,1731,0.0
1698,1732,0.0
1699,1734,0.0
1700,1735,0.0
1701,1736,-2.0
1702,1737,0.0
1703,1738,-1.0
1704,1739,0.0
1705,1740,0.0
1706,1741,0.0
1707,1742,0.0
1708,1743,-1.0
1709,1744,0.0
1710,1745,0.0
1711,1746,-1.0
1712,1747,0.0
1713,1748,0.0
1714,1749,-1.0
1715,1750,0.0
1716,1751,0.0
1717,1752,-1.0
1718,1753,0.0
1719,1754,-1.0
1720,1755,0.0
1721,1756,0.0
1722,1757,-3.0
1723,1758,0.0
1724,1759,-2.0
1725,1760,0.0
1726,1761,-1.0
1727,1762,0.0
1728,1763,-1.0
1729,1764,0.0
1730,1765,0.0
1731,1766,0.0
1732,1767,0.0
1733,1768,-1.0
1734,1769,0.0
1735,1770,0.0
1736,1771,0.0
1737,1772,0.0
1738,1773,0.0
1739,1774,0.0
1740,1775,0.0
1741,1776,0.0
1742,1777,0.0
1743,1778,-1.0
1744,1779,0.0
1745,1780,0.0
1746,1781,-1.0
1747,1782,0.0
1748,1783,0.0
1749,1784,0.0
1750,1785,-1.0
1751,1786,-1.0
1752,1787,-1.0
1753,1788,0.0
1754,1789,-1.0
1755,1790,0.0
1756,1791,-1.0
1757,1792,0.0
1758,1793,-1.0
1759,1794,-2.0
1760,1795,-1.0
1761,1796,0.0
1762,1797,-1.0
1763,1798,1.0
1764,1799,0.0
1765,1800,0.0
1766,1801,-1.0
1767,1802,0.0
1768,1803,0.0
1769,1804,-1.0
1770,1805,-2.0
1771,1806,0.0
1772,1807,0.0
1773,1808,0.0
1774,1809,-1.0
1775,1810,-1.0
1776,1811,-3.0
1777,1812,-2.0
1778,1813,-1.0
1779,1814,-2.0
1780,1815,0.0
1781,1816,0.0
1782,1817,-1.0
1783,1818,0.0
1784,1819,0.0
1785,1820,0.0
1786,1821,-1.0
1787,1822,0.0
1788,1823,-1.0
1789,1824,-1.0
1790,1825,0.0
1791,1826,0.0
1792,1827,0.0
1793,1828,-1.0
1794,1829,-3.0
1795,1830,0.0
1796,1831,-1.0
1797,1832,-4.0
1798,1833,0.0
1799,1834,0.0
1800,1835,-1.0
1801,1836,0.0
1802,1837,-1.0
1803,1838,0.0
1804,1839,1.0
1805,1840,-2.0
1806,1841,-1.0
1807,1842,-2.0
1808,1843,-2.0
1809,1844,-2.0
1810,1845,0.0
1811,1846,-1.0
1812,1847,-1.0
1813,1848,0.0
1814,1849,0.0
1815,1850,0.0
1816,1851,0.0
1817,1852,-1.0
1818,1853,-2.0
1819,1854,0.0
1820,1855,1.0
1821,1856,0.0
1822,1857,0.0
1823,1858,1.0
1824,1859,-2.0
1825,1860,0.0
1826,1861,0.0
1827,1862,0.0
1828,1863,0.0
1829,1864,-2.0
1830,1865,0.0
1831,1866,0.0
1832,1868,-1.0
1833,1869,-1.0
1834,1870,0.0
1835,1871,-1.0
1836,1872,-1.0
1837,1873,-1.0
1838,1874,0.0
1839,1875,0.0
1840,1876,-1.0
1841,1877,0.0
1842,1878,-1.0
1843,1879,-1.0
1844,1880,0.0
1845,1881,0.0
1846,1882,0.0
1847,1883,-1.0
1848,1884,0.0
1849,1885,0.0
1850,1886,0.0
1851,1887,-1.0
1852,1888,-1.0
1853,1889,-1.0
1854,1891,0.0
1855,1892,0.0
1856,1893,-2.0
1857,1894,-2.0
1858,1895,0.0
1859,1896,-1.0
1860,1897,0.0
1861,1898,1.0
1862,1899,-1.0
1863,1900,0.0
1864,1901,-2.0
1865,1902,-1.0
1866,1903,0.0
1867,1904,-1.0
1868,1905,0.0
1869,1906,0.0
1870,1907,1.0
1871,1908,-2.0
1872,1909,-1.0
1873,1910,-1.0
1874,1911,0.0
1875,1912,-3.0
1876,1913,0.0
1877,1914,-1.0
1878,1915,-1.0
1879,1916,0.0
1880,1917,0.0
1881,1918,0.0
1882,1919,0.0
1883,1920,0.0
1884,1921,0.0
1885,1922,-1.0
1886,1923,-2.0
1887,1924,-3.0
1888,1925,-3.0
1889,1926,0.0
1890,1927,-1.0
1891,1928,-1.0
1892,1929,0.0
1893,1930,0.0
1894,1931,0.0
1895,1932,0.0
1896,1933,0.0
1897,1934,-1.0
1898,1935,0.0
1899,1936,1.0
1900,1937,0.0
1901,1938,0.0
1902,1939,-1.0
1903,1940,0.0
1904,1941,-2.0
1905,1942,0.0
1906,1943,-1.0
1907,1944,0.0
1908,1945,-1.0
1909,1946,0.0
1910,1947,-2.0
1911,1948,0.0
1912,1949,-2.0
1913,1950,-1.0
1914,1951,-1.0
1915,1952,0.0
1916,1953,-1.0
1917,1954,0.0
1918,1955,0.0
1919,1956,0.0
1920,1957,0.0
1921,1958,-2.0
1922,1959,-1.0
1923,1960,1.0
1924,1961,-2.0
1925,1962,-1.0
1926,1963,-1.0
1927,1964,0.0
1928,1965,0.0
1929,1966,-1.0
1930,1967,-1.0
1931,1968,-1.0
1932,1969,-1.0
1933,1970,0.0
1934,1971,0.0
1935,1972,-1.0
1936,1973,-1.0
1937,1974,0.0
1938,1975,-2.0
1939,1976,-1.0
1940,1977,-2.0
1941,1978,-1.0
1942,1979,0.0
1943,1980,0.0
1944,1981,0.0
1945,1982,0.0
1946,1983,0.0
1947,1984,0.0
1948,1985,-1.0
1949,1986,0.0
1950,1987,0.0
1951,1988,-1.0
1952,1989,0.0
1953,1990,0.0
1954,1991,0.0
1955,1992,0.0
1956,1993,0.0
1957,1994,-1.0
1958,1995,0.0
1959,1996,0.0
1960,1997,-1.0
1961,1998,-1.0
1962,1999,1.0
1963,2000,0.0
